VaR: -0.030653075575120946
CVaR: -0.038969444717300884
